40023247
40223201
40223207
40223234
40223237
40228461
40232249
40247902
40328104
40328217
40523201
40523202
40523203
40523204
40523205
40523206
40523207
40523208
40523209
40523210
40523211
40523212
40523213
40523214
40523215
40523216
40523217
40523218
40523219
40523220
40523221
40523222
40523224
40523225
40523226
40523227
40523229
40523230
40523231
40523232
40523233
40523234
40523235
40523236
40523237
40523238
40523239
40523240
40523241
40523242
40523243
40523244
40523245
40523246
40523247
40523248
