第1組:40223103,40223109,40423111,40443111,
第2組:40423101,40423103,40423104,40423117,40423136,40423144,
第3組:40423105,40423115,40423119,40423128,40423139,40423149,
第4組:40423106,40423107,40423108,40423121,40423125,40423140,
第5組:40423109,40423110,40423113,40423130,40423131,40423138,
第6組:40423112,40423116,40423118,40423127,40423137,40423152,
第7組:40423114,40423115,40423120,40423122,40423124,
第8組:40423123,40423129,40423132,40423133,40423155,40423157,
第9組:40423126,40423135,40423150,40423154,
第10組:40423141,40423143,40423145,40423146,40423147,40423148,
