第1組:40123252,40223128,40223130,40223215,40223233,40223148
第2組:40223205,40223206,40423225,40423231,40423240,40423250,
第3組:40423201,40423202,40423203,40423211,40439221,42423223,
第4組:40423204,40423221,40423228,40423243,40423253,40423254,
第5組:40423205,40423227,40423235,40423236,40423237,40423238,
第6組:40423206,40423214,40423216,40423224,40423226,40423229,
第7組:40423207,40423210,40423219,40423220,40423241,40423246,
第8組:40423208,40423213,40423232,40423233,
第9組:40423209,40423212,40423217,40423218,40423239,40423255,
第10組:40423222,40423245,40423248,40423251,
第11組:40423234,40423242,40423244,40423247,40423249,40423252,
